keyid,userid,username,channelid
158,5522149745,None,-1001631324934
159,1247219984,fugggg43,-1001631324934
162,922548814,None,-1001631324934
163,5672692767,Dorara28,-1001631324934
169,5023630401,None,-1001631324934
171,5307483619,None,-1001631324934
175,1206681836,Jerenti,-1001631324934
177,5525716348,None,-1001631324934
181,1088711982,None,-1001631324934
186,2139044594,Iralohuska,-1001631324934
188,1426036882,Spethv,-1001631324934
189,784839212,john_cavana,-1001631324934
193,541343031,Fellkree,-1001631324934
195,5333059384,None,-1001631324934
200,5293233004,None,-1001631324934
203,5079163684,None,-1001631324934
209,5792387023,None,-1001631324934
216,1465110524,my_zaeblo,-1001631324934
223,1554625002,None,-1001631324934
232,5719515545,Kwiwss,-1001631324934
237,1743736850,aloivmi,-1001631324934
238,2064267296,None,-1001631324934
240,1031576674,None,-1001631324934
246,1682455607,None,-1001631324934
252,1841551029,None,-1001631324934
316,990144558,None,-1001631324934
325,475452684,None,-1001631324934
333,1962795139,mini_shooky,-1001631324934
342,5368823522,None,-1001631324934
344,5101838178,Kamen1228,-1001631324934
348,1395296157,None,-1001631324934
380,771890502,hzzzzx,-1001631324934
382,1736802221,Kirena890,-1001631324934
385,1680463541,meowruikk,-1001631324934
387,5546284846,cinterrr,-1001631324934
388,5529775018,None,-1001631324934
400,1847957487,None,-1001631324934
406,1637636089,None,-1001631324934
409,927051610,yuuulikc_aa,-1001631324934
412,5276500503,None,-1001631324934
413,1088766180,None,-1001631324934
415,1286541219,wwVv_vVww,-1001631324934
419,1828089599,None,-1001631324934
421,1159810294,dapaba4enya,-1001631324934
427,950714503,None,-1001631324934
432,1363247890,kompotik69,-1001631324934
437,1928981695,V_I_R_U_S1,-1001631324934
438,1461285603,morozzzzz,-1001631324934
439,1775836942,None,-1001631324934
440,735783947,Kamill18,-1001631324934
442,1273633890,Ksyta17,-1001631324934
448,1076620997,nst333,-1001631324934
449,5749055557,None,-1001631324934
451,1036071591,lsofaa,-1001631324934
453,1056795798,None,-1001631324934
456,1119530273,varushka_aa,-1001631324934
457,1421515749,Aniki_Alex,-1001631324934
461,1832369542,Alexanderooooooo,-1001631324934
464,893142323,Varavara_5,-1001631324934
465,1309290664,Olesya_6_6_6,-1001631324934
467,1111940551,None,-1001631324934
468,5184152302,None,-1001631324934
469,1905240795,None,-1001631324934
470,872143892,l_a_l_a_n_k_a,-1001631324934
471,590886189,chertovka_aaa,-1001631324934
473,1077071486,k_i_r_o_h_k_a,-1001631324934
474,5083016590,wweslg,-1001631324934
475,1785565219,None,-1001631324934
476,1539137484,None,-1001631324934
478,5037576161,Vvvv_nada,-1001631324934
479,2039351584,adamsnikluv,-1001631324934
480,5056197309,None,-1001631324934
481,1547075011,None,-1001631324934
482,871325756,None,-1001631324934
484,773530501,basshhka,-1001631324934
485,1036072313,your_angel_9,-1001631324934
488,5012633005,None,-1001631324934
489,1407420160,Irina_3839,-1001631324934
490,862324213,ssalekseevna,-1001631324934
491,1382041971,g_n_oo_m,-1001631324934
492,1057983494,None,-1001631324934
493,1845741772,desantnik_45,-1001631324934
494,5011596006,None,-1001631324934
495,1650031183,None,-1001631324934
496,1900985201,None,-1001631324934
497,5695161937,None,-1001631324934
498,1224565085,aklimahi,-1001631324934
499,1432309788,None,-1001631324934
501,1141302820,polinakravh,-1001631324934
502,1450765258,aaaaaddd17,-1001631324934
503,850150763,None,-1001631324934
504,1207325440,pro_n1ka,-1001631324934
505,5288239974,ekaterinapopova2106,-1001631324934
506,1076851773,its_asmrnva,-1001631324934
507,705243572,None,-1001631324934
509,1350234874,None,-1001631324934
510,1710639614,None,-1001631324934
511,5013833942,None,-1001631324934
512,997750245,None,-1001631324934
513,1028110654,uffxwqlt,-1001631324934
514,1607387720,dashaljlj,-1001631324934
515,1844872701,azzenfo,-1001631324934
516,1308619721,zhannushka_1,-1001631324934
517,1323658881,None,-1001631324934
519,1314044156,bromicacid,-1001631324934
520,5521657767,rznll,-1001631324934
521,789882598,Al1na_18,-1001631324934
522,897987373,None,-1001631324934
524,2130208048,Erroy_sh,-1001631324934
525,1191864069,None,-1001631324934
527,1203746402,None,-1001631324934
528,5700107475,og_dianoch,-1001631324934
530,1255032752,None,-1001631324934
531,1224466182,jufik169,-1001631324934
533,792018091,oneloveVovy,-1001631324934
534,1087727678,NailsElb,-1001631324934
536,947665005,n_evgenya21,-1001631324934
537,723726831,None,-1001631324934
538,1912908200,m_a_r_i_a_021,-1001631324934
540,5649964554,aall1sss,-1001631324934
544,1411747927,mriaTerekhova,-1001631324934
546,1298727807,SSS_OOO_FF,-1001631324934
547,5878966436,None,-1001631324934
548,1694974036,None,-1001631324934
549,1761739931,None,-1001631324934
551,1012126111,None,-1001631324934
554,1323904441,None,-1001631324934
555,1405101585,None,-1001631324934
557,1295070931,Lena_browist_kacha,-1001631324934
558,818357626,None,-1001631324934
559,1410753136,shizik_lolipop,-1001631324934
561,5624622473,orina_19,-1001631324934
563,1287603672,Wwwww764,-1001631324934
564,920612367,None,-1001631324934
565,1452411869,Margaritka1200,-1001631324934
566,1289174609,Natka202205,-1001631324934
567,1222931150,Hellokitt_o_o,-1001631324934
568,1042974577,None,-1001631324934
569,1521483452,olegyeep,-1001631324934
570,1246340999,None,-1001631324934
571,888063554,None,-1001631324934
572,993167610,Kin454,-1001631324934
573,1122160735,helena_kk,-1001631324934
574,691619470,None,-1001631324934
575,932957900,tataevad,-1001631324934
576,1935665971,None,-1001631324934
577,970809062,s_lizavetka,-1001631324934
578,1004386735,zarinka_zakirova,-1001631324934
580,1093892318,maksimikha,-1001631324934
582,971224222,Shpak_levka,-1001631324934
583,1811633022,Uliana_biser_113,-1001631324934
584,668746555,NastysKobets,-1001631324934
587,887651940,swwwwwwwd,-1001631324934
591,1230095440,ws_asik,-1001631324934
592,1359894123,xexexerte,-1001631324934
593,439337312,s_tt_p,-1001631324934
594,5720824564,qwrtipd,-1001631324934
595,5055133061,None,-1001631324934
597,775138194,revunovaar,-1001631324934
598,1931842586,None,-1001631324934
599,2072322254,Liilya777,-1001631324934
600,936287227,Lerochka_7771,-1001631324934
601,1789917451,m_gadjiev,-1001631324934
602,1016439865,fufitka,-1001631324934
603,1298247501,None,-1001631324934
604,1402578940,Anet_prekrasnay,-1001631324934
605,5123097031,None,-1001631324934
606,1316141721,Zaina_Sepperova,-1001631324934
608,5623448721,None,-1001631324934
611,1770244200,cuddys,-1001631324934
615,828537522,None,-1001631324934
619,1140692372,lizkdv,-1001631324934
622,5000963657,veronika_vwvw,-1001631324934
623,1703360603,None,-1001631324934
625,5895544736,None,-1001631324934
627,658118171,cuba1ibre,-1001631324934
628,5234996331,None,-1001631324934
631,1013140583,None,-1001631324934
632,2041704483,None,-1001631324934
633,1271408025,spirtc2h5oh,-1001631324934
634,5170162280,None,-1001631324934
635,1782480393,None,-1001631324934
637,434980533,banyukovvva,-1001631324934
638,1157207874,None,-1001631324934
639,1864564948,None,-1001631324934
640,1180890910,None,-1001631324934
641,865773780,evvlaar,-1001631324934
642,661202076,deniskinnnn,-1001631324934
647,836918996,imAnassstasiya,-1001631324934
648,994529283,chuuuuuuudo,-1001631324934
650,978332333,asyatoxic,-1001631324934
651,1834195124,None,-1001631324934
652,854888235,mu_cepheii,-1001631324934
653,1243159917,zzzzz_z_z,-1001631324934
654,861920560,None,-1001631324934
656,1990477806,petrina_vl,-1001631324934
657,1714317897,Diatea_403,-1001631324934
659,2131500554,yulka19022010,-1001631324934
660,890194672,nichegokhoroshegonezhdi,-1001631324934
661,1991099475,kulpunay20,-1001631324934
662,1051935384,Nadya008,-1001631324934
663,1852716404,YouAndI51,-1001631324934
664,5114084711,None,-1001631324934
666,1884574802,None,-1001631324934
667,983300172,kaatenkkaaaa,-1001631324934
668,1902671262,Kakish_today,-1001631324934
669,1577011645,tttthhhhhh5,-1001631324934
670,2045905321,None,-1001631324934
671,2105957179,Irishaaaaaaaaaaaaaaaaaaa,-1001631324934
672,1048944191,Loxxxxxxxxxxxxxxxxxxxxxxxxxxx,-1001631324934
673,1052843467,None,-1001631324934
674,1032549962,krravchyshka,-1001631324934
675,980602037,None,-1001631324934
676,1003190082,BodyaBu,-1001631324934
677,975602997,Yulia769,-1001631324934
678,635281239,aliinamis,-1001631324934
681,1265856814,None,-1001631324934
683,1409656355,kkurvaaa,-1001631324934
685,1396325552,lizassffi_1,-1001631324934
686,879109939,Olya_2706,-1001631324934
687,538153694,Lui_VN,-1001631324934
688,1482178064,None,-1001631324934
689,1066168098,Serziht,-1001631324934
692,1267235095,None,-1001631324934
693,1455703621,igigys,-1001631324934
694,951682640,Gumirova,-1001631324934
695,5634185526,None,-1001631324934
696,872244802,varushkaaaaaa,-1001631324934
697,1953955215,thumbelina25,-1001631324934
698,1254681253,None,-1001631324934
699,1637638327,None,-1001631324934
702,1085810604,shipovak,-1001631324934
703,1041206880,Endlesslove_56,-1001631324934
704,1646259709,None,-1001631324934
705,1087758239,chis_poly,-1001631324934
706,1425068209,noname_965,-1001631324934
707,1575854932,m2645a,-1001631324934
711,800349507,rregiiiiina,-1001631324934
713,1401532281,ded1410,-1001631324934
714,1310416910,the_idiot_in_love,-1001631324934
715,734290747,annastasia002,-1001631324934
716,1516979166,Vlagfr,-1001631324934
717,5086141199,Vasilisa_sweetheart,-1001631324934
718,1630458885,None,-1001631324934
719,1382603038,None,-1001631324934
720,1025193512,SLSD2,-1001631324934
724,686284147,None,-1001631324934
725,1099235865,galksoff,-1001631324934
726,1133446085,None,-1001631324934
729,1866718525,None,-1001631324934
730,862346974,Mamo4ka96,-1001631324934
732,1123566140,jkeonn,-1001631324934
733,1213661227,kalinina_yulia_07,-1001631324934
734,1111202450,ksxnxs,-1001631324934
735,986831736,None,-1001631324934
737,5250766797,None,-1001631324934
739,943380937,Vilka6969,-1001631324934
740,2124996928,None,-1001631324934
742,1100289606,None,-1001631324934
743,1444660847,None,-1001631324934
744,1151894399,vikiktorya1,-1001631324934
745,5080600846,Swe_eeek,-1001631324934
746,1690133571,None,-1001631324934
750,865791743,baranova_23,-1001631324934
753,1573624522,None,-1001631324934
754,929641801,wdariko,-1001631324934
755,1080572908,valkiria2899,-1001631324934
756,826051974,None,-1001631324934
758,935967436,None,-1001631324934
760,5190153506,Alina_w_o,-1001631324934
761,1073892107,None,-1001631324934
762,1994682859,iluigucci,-1001631324934
763,1492844960,sssoonyaaaaa,-1001631324934
764,989123774,nikashaaa_nows,-1001631324934
765,906084495,Katusha_l37,-1001631324934
766,371294175,manager_engopt,-1001631324934
767,712507526,None,-1001631324934
769,1111824094,sashaa2347,-1001631324934
771,1104085879,None,-1001631324934
773,1394483892,chh_julia,-1001631324934
777,1165600744,vikcha_zz,-1001631324934
778,1212762710,sunny_girl_so,-1001631324934
779,772448595,v_blackberry_v,-1001631324934
780,919804204,miyayr,-1001631324934
783,1024028365,None,-1001631324934
788,5535633551,rhikdv,-1001631324934
789,846128825,vik_uus,-1001631324934
790,5563949913,l_E_A_l_A_I_O,-1001631324934
792,1910968250,None,-1001631324934
793,5404736449,Anastasia_Solovyova_479,-1001631324934
794,930282695,Abramova_Dariya,-1001631324934
795,5400495035,None,-1001631324934
796,1676637375,staroselskayaa,-1001631324934
797,763952573,withyhafoku,-1001631324934
798,1362952662,hourani_asya,-1001631324934
799,5055075707,None,-1001631324934
804,1242409761,lizokcheeeeeek1,-1001631324934
807,1206603176,liuuuuuuv_us,-1001631324934
808,1025040741,None,-1001631324934
809,1039483841,pollliiff,-1001631324934
811,5238910812,None,-1001631324934
812,1041453419,Ks_s_senia,-1001631324934
813,811489719,Seagulle228,-1001631324934
814,1341997747,PashchenkoDasha,-1001631324934
815,1108240766,None,-1001631324934
816,1109671728,Alenyenochek,-1001631324934
818,408169123,None,-1001631324934
819,309773592,bebrapppp,-1001631324934
821,848498601,None,-1001631324934
825,835981489,None,-1001631324934
826,1187143063,None,-1001631324934
828,1698070170,Pudding_Pumplin,-1001631324934
830,5007199283,None,-1001631324934
833,1801864949,Milota_po,-1001631324934
835,5281423056,lizkairiskaa,-1001631324934
837,5024393331,None,-1001631324934
838,1462973594,None,-1001631324934
843,1132740626,Metallov_125,-1001631324934
846,1270300743,Vikusik36,-1001631324934
847,1036093812,None,-1001631324934
849,471329579,melnikow_90,-1001631324934
852,720562485,kxzsq,-1001631324934
853,990486497,Svetlana_Gerasimova2_11,-1001631324934
854,1099743480,www_rlzd,-1001631324934
855,894167296,None,-1001631324934
856,1162112937,sveeen_3,-1001631324934
858,793713494,None,-1001631324934
859,891427737,spagettina26,-1001631324934
860,1052390808,None,-1001631324934
862,829977337,alinesssaaa,-1001631324934
864,1726922699,None,-1001631324934
866,5484376950,None,-1001631324934
869,1795498541,ronyatxm,-1001631324934
874,1347727816,Lena_Ekova,-1001631324934
875,1312744386,marin4ik_0,-1001631324934
877,1454788005,alinatarasova2003,-1001631324934
879,1306407802,weniww,-1001631324934
882,1549697240,Darnlf,-1001631324934
883,896809423,None,-1001631324934
885,5486023659,None,-1001631324934
886,1395219446,None,-1001631324934
887,1492319853,taaanuskaa08,-1001631324934
888,832555090,evelyna28,-1001631324934
889,5119415381,None,-1001631324934
891,944511659,dvil08,-1001631324934
894,1070580811,valeria1910,-1001631324934
895,5115217591,masofyig,-1001631324934
898,1958750361,None,-1001631324934
900,1002487999,Nataly_Nikoly,-1001631324934
903,1606006634,None,-1001631324934
905,1328467655,angelishamart,-1001631324934
906,888037731,alinadavydovich,-1001631324934
911,5072428689,rett_ll,-1001631324934
914,864812737,mamonova_0607,-1001631324934
915,1688544885,Mina2316,-1001631324934
916,672626689,None,-1001631324934
918,1334345884,rycu_ton,-1001631324934
919,1327588984,Arturovnami,-1001631324934
920,1916273884,KseniaRes,-1001631324934
921,1299276178,None,-1001631324934
923,1248439059,Homyachek169,-1001631324934
924,1216000939,averina_phs,-1001631324934
925,1109228165,None,-1001631324934
926,5094575101,None,-1001631324934
927,1476610569,None,-1001631324934
928,1210430307,kirushevaaa,-1001631324934
930,5518981298,elina2903,-1001631324934
931,1358292608,None,-1001631324934
932,1133306812,None,-1001631324934
934,2068209050,sashaa0987,-1001631324934
936,1093978821,oksannnaaa,-1001631324934
940,1794759777,tolyan228,-1001631324934
941,1632151923,None,-1001631324934
943,2042597759,ldonshenko_xx,-1001631324934
945,776137450,kpmyaushkina,-1001631324934
947,1863104048,None,-1001631324934
949,1089609623,Stroganovaaaa,-1001631324934
952,1697978175,None,-1001631324934
954,2013588153,None,-1001631324934
955,1920870937,None,-1001631324934
956,1274227512,alex13_07,-1001631324934
958,918228749,Cat_who_need_a_head,-1001631324934
959,1087437387,uglyskitty,-1001631324934
960,1012568301,na_ershova,-1001631324934
961,1663093453,None,-1001631324934
962,1206676096,None,-1001631324934
963,1075803782,None,-1001631324934
964,750884579,lady_smm_tg,-1001631324934
966,1707124211,Natalia29082003,-1001631324934
969,1324240816,None,-1001631324934
970,1790310672,None,-1001631324934
971,1032822504,dashaopi,-1001631324934
975,984433478,the_embodiment_of_fire,-1001631324934
976,5201516962,None,-1001631324934
977,1147209419,Vikusy_17,-1001631324934
978,1349626788,None,-1001631324934
980,1549045360,None,-1001631324934
981,991748792,azazazazazzzzz,-1001631324934
982,943511665,ostrovskaya1,-1001631324934
983,1427717235,None,-1001631324934
985,1056505312,Niky_xa,-1001631324934
986,2024712191,kotaa_a,-1001631324934
987,5087159911,None,-1001631324934
989,445265891,dashabashka,-1001631324934
992,1978927621,Tosia07,-1001631324934
994,1781413494,votbistatkotenkom,-1001631324934
996,1425854634,None,-1001631324934
997,476331306,StasssssssyAn,-1001631324934
1003,700923415,stepkatyaa,-1001631324934
1004,1008527713,khviiiler,-1001631324934
1005,1149444780,ms_dashe4ka_alekseevna,-1001631324934
1006,1293279282,TatiannaRu,-1001631324934
1007,1814557395,None,-1001631324934
1008,895193925,None,-1001631324934
1009,5096887372,None,-1001631324934
1011,978519824,Elvira250420,-1001631324934
1012,944008897,None,-1001631324934
1013,1440462068,None,-1001631324934
1014,1658542643,None,-1001631324934
1015,1027829871,kris_0620,-1001631324934
1016,1569361499,None,-1001631324934
1017,1358134099,popig12,-1001631324934
1019,1356404338,None,-1001631324934
1021,2091361677,elizwxxq,-1001631324934
1022,1506811339,Xsxsxsxsxsxsxsxsssssssss,-1001631324934
1023,1938536096,Mashmilash12,-1001631324934
1035,1684931445,None,-1001631324934
1036,963154172,n_smola_n,-1001631324934
1042,1895681834,None,-1001631324934
1044,5775209072,None,-1001631324934
1048,1711089510,None,-1001631324934
1049,847090905,None,-1001631324934
1050,886618419,None,-1001631324934
1053,782445790,romanovadsh,-1001631324934
1056,809502103,None,-1001631324934
1057,2004745449,ulianasoska,-1001631324934
1058,1131274577,Vippop134,-1001631324934
1059,1903266873,None,-1001631324934
1060,282796758,dsv_project,-1001631324934
1061,1082983799,vikavzv,-1001631324934
1062,1028815833,Sssnake4,-1001631324934
1063,1112050363,nikkusyaa_20,-1001631324934
1067,1404916896,Mr_saveleva,-1001631324934
1070,1579626651,None,-1001631324934
1071,1293497985,lartzeva,-1001631324934
1072,820570388,None,-1001631324934
1074,1936849619,None,-1001631324934
1075,1843829580,None,-1001631324934
1076,1096806058,None,-1001631324934
1077,5535767735,None,-1001631324934
1078,872259094,varechka_29,-1001631324934
1080,988322534,mr_pandochka_007,-1001631324934
1081,648809452,yg_yana_grace,-1001631324934
1082,1522622670,None,-1001631324934
1083,637758230,nazrrmuss,-1001631324934
1085,1043290039,Valerri_9,-1001631324934
1088,1245341460,None,-1001631324934
1091,5666144523,None,-1001631324934
1092,1857801331,axaxaxaxaxaxaxaxai,-1001631324934
1093,833954853,zaytssevaa,-1001631324934
1094,1175795255,None,-1001631324934
1095,860458931,None,-1001631324934
1097,1039853235,liana_1502,-1001631324934
1098,899633542,Zolotce1221,-1001631324934
1100,2066928941,None,-1001631324934
1101,1081876914,None,-1001631324934
1103,712335415,lorikGloriys,-1001631324934
1106,5102651530,kamanava,-1001631324934
1107,980747021,yana_popkova27,-1001631324934
1108,1054693332,valera_elka,-1001631324934
1109,1606877557,Krist1nk,-1001631324934
1110,1058609992,None,-1001631324934
1113,1077487229,iminattt,-1001631324934
1114,729537362,nastya_danielyan,-1001631324934
1115,1977634543,None,-1001631324934
1116,526422388,None,-1001631324934
1117,831720881,linalunae,-1001631324934
1119,1075713768,Demon120121,-1001631324934
1120,1463302176,vuryww_8,-1001631324934
1121,1700592111,None,-1001631324934
1123,5151796596,bori_sovaaa,-1001631324934
1124,1849851358,None,-1001631324934
1125,1247885674,None,-1001631324934
1128,5084587784,Katyxa2010,-1001631324934
1131,1590400113,Magi_34,-1001631324934
1133,1651241331,None,-1001631324934
1135,1214576128,mmmkhc,-1001631324934
1137,2059164171,None,-1001631324934
1138,2025737237,ZhenyaBuu,-1001631324934
1139,963198416,AnastasiiaSu,-1001631324934
1141,5242483560,Kikkoik,-1001631324934
1144,992430107,not_yours_secretic,-1001631324934
1145,1890554798,None,-1001631324934
1146,2012639338,None,-1001631324934
1147,1094328944,Nikkkysia,-1001631324934
1148,1821375819,kammisonx,-1001631324934
1149,5084183744,cam_takov,-1001631324934
1150,1395280405,None,-1001631324934
1151,883350192,muay_s,-1001631324934
1152,740871205,None,-1001631324934
1154,2009149598,None,-1001631324934
1155,1127964426,Forgett2000,-1001631324934
1156,901365486,None,-1001631324934
1157,1149837946,hartbvgh65,-1001631324934
1160,5171420040,None,-1001631324934
1161,943786923,soft_loli,-1001631324934
1163,1478120514,None,-1001631324934
1164,628619273,None,-1001631324934
1165,1374323622,None,-1001631324934
1166,5228156319,None,-1001631324934
1167,5774039733,None,-1001631324934
1168,1777292810,Eva7300393,-1001631324934
1173,5072805241,v_privat,-1001631324934
1174,880483246,marinka2022,-1001631324934
1175,925447631,None,-1001631324934
1178,1596684408,None,-1001631324934
1179,834648754,None,-1001631324934
1180,660038346,Otieblan,-1001631324934
1181,5250506422,None,-1001631324934
1183,2134561103,tatianashsh,-1001631324934
1184,1882149247,beloe_0blachko,-1001631324934
1185,924639431,O_l_a_d_y_s_h_e_k,-1001631324934
1186,769131558,Arina9ro,-1001631324934
1188,1709288969,voskresenskaya_v,-1001631324934
1191,5320228246,Arishka_Ishka,-1001631324934
1193,5573052562,None,-1001631324934
1194,1648595717,vikusha_butterfly,-1001631324934
1195,1082334848,None,-1001631324934
1197,1583772401,None,-1001631324934
1200,1105379409,wwyrhe,-1001631324934
1201,5248280581,F_o_x_10,-1001631324934
1204,723680889,AdamBt1703,-1001631324934
1208,1197748802,None,-1001631324934
1209,470563903,KptMaksim,-1001631324934
1210,956584551,MrDreik4,-1001631324934
1212,1049433446,blady_d,-1001631324934
1213,705288923,Kiinderr1,-1001631324934
1216,1317991075,None,-1001631324934
1218,1310490641,tasia005,-1001631324934
1220,881316410,walekkk,-1001631324934
1221,1292583051,pushkovaa,-1001631324934
1223,1009487646,uuwu_0,-1001631324934
1224,1317013414,lisais1404,-1001631324934
1225,831556556,lbv_alisia,-1001631324934
1229,1352315823,None,-1001631324934
1230,1764060358,None,-1001631324934
1232,1283503891,None,-1001631324934
1236,1281367587,None,-1001631324934
1237,5242793667,None,-1001631324934
1240,1341942808,Alinka515,-1001631324934
1242,2005421997,xxoutt,-1001631324934
1243,1338385545,kristina020507,-1001631324934
1244,837242661,None,-1001631324934
1245,1082101398,None,-1001631324934
1247,812564370,el_0_0,-1001631324934
1248,1997589220,a4ilya,-1001631324934
1249,974672685,milmi_its,-1001631324934
1252,1298128057,Phantom_man2,-1001631324934
1254,1139538456,dddasha_aa,-1001631324934
1261,5421514422,None,-1001631324934
1262,1692299095,Shulgina_666,-1001631324934
1266,1942947733,aleksandra_0000,-1001631324934
1267,5718596794,None,-1001631324934
1268,754091018,ksedix,-1001631324934
1269,5561173154,None,-1001631324934
1270,5048478381,None,-1001631324934
1271,917164731,senyaa_st,-1001631324934
1272,1011289391,None,-1001631324934
1273,1850054855,None,-1001631324934
1274,1341344749,None,-1001631324934
1278,5149004622,Indidydi,-1001631324934
1280,923001169,Lillerchik,-1001631324934
1281,1120709669,None,-1001631324934
1283,951132621,None,-1001631324934
1287,977332061,elshannesterov,-1001631324934
1288,1442718383,elishaaa_1,-1001631324934
1289,5216203965,userang,-1001631324934
1290,1250949796,Kwwallen,-1001631324934
1293,1924436853,loriannalo,-1001631324934
1294,1693099045,datalogo_03,-1001631324934
1295,1226393572,None,-1001631324934
1296,1196197349,Alipkalieva_A,-1001631324934
1297,672412002,paullineea,-1001631324934
1299,5497299482,None,-1001631324934
1300,1397541994,Womens_Surprise,-1001631324934
1304,637246399,Xxvelxxdd,-1001631324934
1305,1965493193,tatar763,-1001631324934
1306,5359997446,None,-1001631324934
1308,5518285349,None,-1001631324934
1310,5162973448,None,-1001631324934
1313,1934119079,None,-1001631324934
1319,1278778248,None,-1001631324934
1322,489483975,None,-1001631324934
1323,1705585100,None,-1001631324934
1326,5266792070,rahimovagf,-1001631324934
1327,5616312630,None,-1001631324934
1329,1955531779,sofffffis,-1001631324934
1338,1028931581,ilinkaaa,-1001631324934
1339,679428812,Kira_Badya,-1001631324934
1340,2057438420,berstyxxxqq,-1001631324934
1341,1424198679,None,-1001631324934
1342,1698916261,hy_well,-1001631324934
1344,920657717,Millkaa_a,-1001631324934
1346,676282913,None,-1001631324934
1347,615464184,vasilina_oo,-1001631324934
1348,792584303,naiseevna,-1001631324934
1349,724497964,None,-1001631324934
1351,5055375734,fikssss,-1001631324934
1354,1756278871,ElenaLandak,-1001631324934
1356,1692228690,tinavasilevna1196,-1001631324934
1359,1206992444,None,-1001631324934
1360,1110170610,sea_murrr,-1001631324934
1361,461691052,reznikova_anastasia,-1001631324934
1362,5511724587,None,-1001631324934
1363,5087460686,Issa_Sakya,-1001631324934
1364,844081295,renataaleksandrovna,-1001631324934
1367,1442746853,None,-1001631324934
1369,958292643,None,-1001631324934
1370,752430460,None,-1001631324934
1373,466973104,kkaattyyaa24,-1001631324934
1376,1064580672,Julia_chi18,-1001631324934
1378,709747802,votetomem_e,-1001631324934
1379,1263070985,xxx00o9,-1001631324934
1382,985041014,foxx_96,-1001631324934
1384,927629309,None,-1001631324934
1388,899515441,alyona1807,-1001631324934
1391,1727190779,None,-1001631324934
1392,1891025131,None,-1001631324934
1394,2023105076,darlinq95,-1001631324934
1395,5009583404,None,-1001631324934
1396,1545768227,fearrrss,-1001631324934
1397,1138128971,simik_u,-1001631324934
1398,1242793979,Sofia_Ph,-1001631324934
1399,1116049230,dashayoung,-1001631324934
1400,1330590164,Ksusa20,-1001631324934
1401,687186184,None,-1001631324934
1404,904784332,bebrik_23_09,-1001631324934
1405,1260670474,RINADZ,-1001631324934
1407,5006893859,vinonett,-1001631324934
1408,948030167,None,-1001631324934
1409,5045923978,welzaz,-1001631324934
1411,1031751109,Ktckufnhx,-1001631324934
1412,831700815,ww_als21,-1001631324934
1414,489123541,killer19098,-1001631324934
1416,5564801581,Soffi_queen,-1001631324934
1417,638609999,aliievaaa,-1001631324934
1418,1718097664,SunDunDori087,-1001631324934
1419,1037248558,Ulyana_gh,-1001631324934
1420,989602867,swettttttttt,-1001631324934
1421,1998840774,Albina1919,-1001631324934
1422,2070996330,l_gospozha_l,-1001631324934
1424,450954269,margosha_m1,-1001631324934
1426,1063636410,vitalina_vitalik,-1001631324934
1431,5209512153,Soonissa,-1001631324934
1432,996847280,ketianim,-1001631324934
1434,981282436,German95v,-1001631324934
1435,5041181811,abuser0k,-1001631324934
1436,632427585,valeri_35,-1001631324934
1437,961514401,None,-1001631324934
1440,1145919345,mahaasas,-1001631324934
1441,1987033644,None,-1001631324934
1443,1546396856,None,-1001631324934
1445,1837018700,None,-1001631324934
1446,988664544,ttoooxxiicc,-1001631324934
1448,947616126,dlr_air,-1001631324934
1450,820396590,mahaaa063,-1001631324934
1451,1019597420,Keteliska,-1001631324934
1452,1288876999,smyatankaa,-1001631324934
1453,5571752848,None,-1001631324934
1454,1311516390,tihonoval3,-1001631324934
1456,1173153508,None,-1001631324934
1458,1088002082,mer_iot,-1001631324934
1460,5489901952,None,-1001631324934
1461,991882116,None,-1001631324934
1462,1315174791,Karinnnka92,-1001631324934
1467,999981438,tipaalink,-1001631324934
1468,1140790533,Anetagolovanova20,-1001631324934
1470,5378694223,Ken_rug,-1001631324934
1471,2098554562,toniin8008,-1001631324934
1472,1741163222,None,-1001631324934
1473,1349306741,ya0napivsya,-1001631324934
1474,1365517094,None,-1001631324934
1475,1839613132,art4ic_love,-1001631324934
1477,1054255478,borjiav,-1001631324934
1478,1831707755,None,-1001631324934
1479,5024588946,None,-1001631324934
1480,953107416,GadadovaAlbina05,-1001631324934
1481,1506758156,peacdeathh,-1001631324934
1482,893581318,tvoy_idol3,-1001631324934
1483,1941090503,None,-1001631324934
1484,5326390504,None,-1001631324934
1486,554949648,None,-1001631324934
1487,1995337419,arinella_1,-1001631324934
1488,1188351452,Solnishko5151,-1001631324934
1489,1737135386,cinnamonaa,-1001631324934
1491,5482582853,Swangirld,-1001631324934
1492,5167133968,None,-1001631324934
1493,860432796,None,-1001631324934
1495,1214880911,None,-1001631324934
1496,1529682546,None,-1001631324934
1497,818040110,nahuy_poslan_rb,-1001631324934
1498,722272822,lizadubrovkina,-1001631324934
1499,633858909,princess23s,-1001631324934
1501,1485788037,None,-1001631324934
1503,5661833264,os_mom_so,-1001631324934
1505,1084185659,Improvyzator,-1001631324934
1508,1072716249,kumamon6666,-1001631324934
1509,5045822759,None,-1001631324934
1513,1204734437,ilinooha6,-1001631324934
1517,1254054372,None,-1001631324934
1519,1885274055,Vav1413,-1001631324934
1520,1158502947,P080K,-1001631324934
1521,1016337099,anechk1,-1001631324934
1522,879098399,None,-1001631324934
1525,1077951301,None,-1001631324934
1526,623529242,None,-1001631324934
1531,1250396566,None,-1001631324934
1533,670570254,NastyaL01,-1001631324934
1534,1623800470,Ybdtyv,-1001631324934
1535,1492261892,None,-1001631324934
1536,5124976925,tekashit,-1001631324934
1537,1070647607,None,-1001631324934
1539,5260743029,None,-1001631324934
1541,1346461656,None,-1001631324934
1542,1300107646,Kate_Gubanova1,-1001631324934
1543,933421209,cckkrrrr,-1001631324934
1545,1641914126,None,-1001631324934
1546,939589458,None,-1001631324934
1549,538062306,Alisa_Petrovnaa,-1001631324934
1550,870060792,gredashaa,-1001631324934
1551,635256208,Sssssssssssss_0,-1001631324934
1552,2115159190,None,-1001631324934
1553,1036459178,aioLizka,-1001631324934
1555,2031242591,fengmixs,-1001631324934
1556,648317273,Crybaby_k69,-1001631324934
1557,1064565409,None,-1001631324934
1558,1673146419,tyh_a,-1001631324934
1561,810193714,germanovns,-1001631324934
1562,646693136,Sne1ll,-1001631324934
1564,722509509,None,-1001631324934
1565,1463756908,Fisj_GOD,-1001631324934
1566,1295573935,kamilachko,-1001631324934
1567,1049009436,None,-1001631324934
1568,749095925,akuma18XD,-1001631324934
1571,1056992825,None,-1001631324934
1572,1371672888,Zhanna070496,-1001631324934
1573,1233134247,Shpulk00,-1001631324934
1577,1329180057,ira_bolgova,-1001631324934
1578,1069666651,None,-1001631324934
1579,1164770970,Barashemi,-1001631324934
1580,5054022954,None,-1001631324934
1581,1562473895,None,-1001631324934
1582,951916904,koshka_lu,-1001631324934
1583,1578466266,palaye_royaleee,-1001631324934
1585,5603976530,None,-1001631324934
1586,5717317937,hrupkoesun,-1001631324934
1587,5265843202,GabrielOsmi,-1001631324934
1588,2071194993,asia_mironova,-1001631324934
1589,1050889743,kariiiiiiiiisha,-1001631324934
1590,5098345743,Brekit_18,-1001631324934
1591,649720881,polino4ka420,-1001631324934
1592,1191960550,Viky_si_05,-1001631324934
1593,1374990783,None,-1001631324934
1594,1490118813,None,-1001631324934
1595,2069646708,Ypod_1,-1001631324934
1596,967235388,elza_kad,-1001631324934
1597,1398926274,tina_r_0205,-1001631324934
1598,1370364589,qwwerz,-1001631324934
1599,1895433595,Mr_Oxotnik,-1001631324934
1600,978103591,DaruKin_Mira,-1001631324934
1601,851786801,sshmonya,-1001631324934
1603,997272131,KMariya09,-1001631324934
1604,773515058,Sophie_Mason0912,-1001631324934
1606,1297398180,ddreeameerr,-1001631324934
1608,1251165590,None,-1001631324934
1609,1082276381,None,-1001631324934
1611,5237243825,None,-1001631324934
1612,1351748906,koxbjic,-1001631324934
1613,1689404631,None,-1001631324934
1614,485763921,None,-1001631324934
1616,5780491762,None,-1001631324934
1617,1187488342,None,-1001631324934
1619,793859562,Ramazan0vaF,-1001631324934
1620,752090478,Alalalalle,-1001631324934
1621,1085071453,None,-1001631324934
1622,639638794,kkketherine,-1001631324934
1625,5011651701,None,-1001631324934
1626,5144888413,MargaritaVeselaya,-1001631324934
1629,1498367577,Evge_16nia,-1001631324934
1630,969423331,dianaaaaaam,-1001631324934
1631,634972726,McKote,-1001631324934
1632,690549597,nervvera,-1001631324934
1633,1980409647,Sanek050217,-1001631324934
1635,1330833997,GSPD77,-1001631324934
1636,916480805,aanastasi1aa,-1001631324934
1637,1167812387,None,-1001631324934
1638,1098125847,sun_102a,-1001631324934
1639,1224001655,None,-1001631324934
1640,1400541846,ssasha2005,-1001631324934
1642,5050920225,None,-1001631324934
1644,1451228519,shmoncheva,-1001631324934
1645,5577655192,None,-1001631324934
1647,1842419250,None,-1001631324934
1648,5055260278,None,-1001631324934
1649,945572867,AnastasiyaAgelerovna,-1001631324934
1652,388457087,dishka_gr0,-1001631324934
1654,1083604954,kudokushi666,-1001631324934
1655,630182192,None,-1001631324934
1656,1433291577,None,-1001631324934
1657,907272705,chell0283,-1001631324934
1658,715096712,ulianochka_kolmyk,-1001631324934
1659,5040603893,anyal0x,-1001631324934
1660,1810164273,sweetboobes,-1001631324934
1661,1088599965,Dj_DYM_21,-1001631324934
1664,1152910809,mr_frolove,-1001631324934
1665,1393019266,None,-1001631324934
1666,859072575,meowkalila,-1001631324934
1667,1888157792,diablo1999999,-1001631324934
1668,847333213,katerina_vsm,-1001631324934
1669,757278542,anyuta6901,-1001631324934
1673,539138127,bulocka8,-1001631324934
1674,1202119072,dispring_21,-1001631324934
1676,1273092031,Nastya_angekl,-1001631324934
1677,1940748615,None,-1001631324934
1678,1447058978,None,-1001631324934
1680,5422982155,kri15,-1001631324934
1681,1894597556,None,-1001631324934
1682,800131324,Kishki2012,-1001631324934
1683,1081199572,gelentvagen_a,-1001631324934
1684,1024962279,kiiss_me5,-1001631324934
1685,1018619171,kseniadema,-1001631324934
1686,1838803866,None,-1001631324934
1687,918835377,None,-1001631324934
1688,984149519,None,-1001631324934
1689,2115523695,Iedi_lana,-1001631324934
1690,5060063530,None,-1001631324934
1691,985784388,runvvv,-1001631324934
1692,917294320,IvanovaAEAE,-1001631324934
1694,902822026,None,-1001631324934
1695,1212732818,powolnaxxx,-1001631324934
1697,470292967,anastaysha_ber,-1001631324934
1698,1937261200,None,-1001631324934
1699,5700514360,None,-1001631324934
1700,739913415,None,-1001631324934
1702,2122565151,None,-1001631324934
1705,1387412623,TyanochKkaUwU,-1001631324934
1706,834890834,None,-1001631324934
1707,1024153045,ksuuuuushaaaaaaa,-1001631324934
1708,961292924,None,-1001631324934
1709,1267002285,None,-1001631324934
1712,1273979910,Nasstasyaal,-1001631324934
1716,5789247520,zz66zzi,-1001631324934
1717,1652586093,exzwdd,-1001631324934
1718,2139993811,None,-1001631324934
1719,1857334617,sav2989,-1001631324934
1722,1690984806,None,-1001631324934
1725,951868643,None,-1001631324934
1726,2074629387,De_lumdu,-1001631324934
1728,1193234906,elmrinn,-1001631324934
1729,1877533369,girl_17_iyul_6,-1001631324934
1730,1669899587,None,-1001631324934
1731,1130534165,yshla_za_xlebon,-1001631324934
1732,1166112299,lmlo3,-1001631324934
1733,1749646339,katiaancifer,-1001631324934
1734,800091512,uliana9588,-1001631324934
1736,761672747,nefmva,-1001631324934
1738,1911057363,None,-1001631324934
1741,1034388020,YelizavetaVladimirovna,-1001631324934
1744,1883067286,Ri_25_17,-1001631324934
1745,855037963,Grinchi_s,-1001631324934
1747,1256953939,None,-1001631324934
1748,867289695,chiplik,-1001631324934
1749,1060527335,OLGAPONKRASHOVA,-1001631324934
1750,1168511949,None,-1001631324934
1751,5053251528,Abramkaa,-1001631324934
1753,1851999425,Kornienko5,-1001631324934
1755,5156783875,None,-1001631324934
1758,2026604954,zykalu,-1001631324934
1759,2095493079,None,-1001631324934
1761,912083348,ImyaLubimoeTvoye,-1001631324934
1762,966848188,zaikasoska,-1001631324934
1765,1365154448,nep_nstt,-1001631324934
1766,5650290687,alo_pakistas,-1001631324934
1768,5590518826,None,-1001631324934
1769,1002175869,dmitrievna_ly,-1001631324934
1771,375422492,caramel831,-1001631324934
1772,744897945,Sasha121q,-1001631324934
1773,1152664711,None,-1001631324934
1774,1648497445,Simply_Manya,-1001631324934
1775,1029953362,kristina_lapa,-1001631324934
1776,1379162951,Gudugxgix,-1001631324934
1779,731652871,mr_rrf,-1001631324934
1780,1379724586,None,-1001631324934
1781,5025703241,AAS_aska,-1001631324934
1782,1138510283,None,-1001631324934
1784,1116797904,maga1567,-1001631324934
1787,1478838989,mmarishka_23,-1001631324934
1788,1342142214,None,-1001631324934
1789,1428600489,kitty_heey,-1001631324934
1790,458188746,None,-1001631324934
1794,1065100096,prosto_rinochka,-1001631324934
1797,1378246206,evelina684,-1001631324934
1798,1102590333,None,-1001631324934
1799,1845238770,None,-1001631324934
1802,703660726,mayaosenpai,-1001631324934
1803,1266693030,Emiliya247,-1001631324934
1805,5217861239,None,-1001631324934
1806,747077607,yourswitch,-1001631324934
1807,5513940992,None,-1001631324934
1808,437075256,None,-1001631324934
1810,991992453,None,-1001631324934
1812,1095725253,Lera_fon_vamp,-1001631324934
1813,2022105241,None,-1001631324934
1814,1127470262,nina_ftd,-1001631324934
1816,1606816516,irxwqwx,-1001631324934
1818,976512786,None,-1001631324934
1819,1108248341,None,-1001631324934
1821,1062010933,k_p_u_c,-1001631324934
1822,5405042531,None,-1001631324934
1823,662946854,raggidismeraldo,-1001631324934
1824,5902604423,None,-1001631324934
1827,386033234,boginyaserega,-1001631324934
1828,825354081,Simbioseas,-1001631324934
1829,851688444,None,-1001631324934
1835,708588627,shawtyyeah,-1001631324934
1836,1744373528,qaradeniz19,-1001631324934
1837,977571207,None,-1001631324934
1838,827724283,avokado0512,-1001631324934
1841,1335256564,rittanr,-1001631324934
1843,5518476584,None,-1001631324934
1844,698370297,lition404,-1001631324934
1848,898912360,ler4ik77,-1001631324934
1849,709350228,Jvkvz,-1001631324934
1850,899433395,fucking_ket,-1001631324934
1851,1149727344,daria_rizl,-1001631324934
1854,5294635913,Alina_1230_67,-1001631324934
1859,827344208,linadel24,-1001631324934
1861,1449447720,markova121,-1001631324934
1863,1061977868,None,-1001631324934
1865,1772335748,a_d_e_l_i_n_a27,-1001631324934
1872,5133309068,angel1sha_05,-1001631324934
1873,1045867470,None,-1001631324934
1874,1264418230,None,-1001631324934
1876,675575914,None,-1001631324934
1877,621040152,natalik_kk,-1001631324934
1878,1375656679,Di_cringe,-1001631324934
1882,5058096634,None,-1001631324934
1883,1647957963,ffffaaakkkeee,-1001631324934
1884,1018559833,mir0sik,-1001631324934
1886,783480504,nastiy2004,-1001631324934
1887,5758020157,Berserk_unnd,-1001631324934
1888,1372691302,None,-1001631324934
1889,1163139622,None,-1001631324934
1890,720075021,Nightorgy,-1001631324934
1892,5324206808,Yume04,-1001631324934
1893,1229436323,I_moonshine,-1001631324934
1894,1832721860,None,-1001631324934
1896,974396860,Lizka_milka,-1001631324934
1897,1397427167,Kd031223,-1001631324934
1901,1036589133,Finik369,-1001631324934
1903,1004368598,cactusisa,-1001631324934
1904,915811571,fkdke18,-1001631324934
1905,954672006,a_levi_13,-1001631324934
1908,1491917745,None,-1001631324934
1909,1197466133,finfolk_2002,-1001631324934
1910,1523825997,Marina8078I,-1001631324934
1911,1846286894,None,-1001631324934
1912,1332001290,Anastasia_Shulenina,-1001631324934
1913,1467778375,None,-1001631324934
1914,1099766041,rikmlf,-1001631324934
1915,688788136,Luza_Li,-1001631324934
1917,804247869,vikk4ka,-1001631324934
1920,1069834986,None,-1001631324934
1921,890186363,mmmaslovaa,-1001631324934
1922,1701541572,Lera_Berezovskaya,-1001631324934
1923,1549301992,None,-1001631324934
1926,771310695,tanya_chudina,-1001631324934
1927,1121191169,morozova_olya,-1001631324934
1929,5645576965,None,-1001631324934
1930,754883869,Anna_Vitver,-1001631324934
1932,5283696240,None,-1001631324934
1934,914404285,handsome346,-1001631324934
1935,1850834667,None,-1001631324934
1936,506097086,alenyshka612,-1001631324934
1937,1422525850,Stepan2001191,-1001631324934
1939,994484430,smmf17,-1001631324934
1940,448535862,justnatali07,-1001631324934
1942,891392877,lldkee,-1001631324934
1945,702396558,gnom_terrorist,-1001631324934
1948,5008831698,Olenka_Korsunova,-1001631324934
1949,789404429,katy_katkevichus,-1001631324934
1950,1435804346,None,-1001631324934
1952,777307916,dekaterinas,-1001631324934
1956,1824036268,vecherx,-1001631324934
1958,1043776839,pyatnitsax,-1001631324934
1960,1807688491,None,-1001631324934
1961,1283244677,Smirnova_2,-1001631324934
1962,1089939956,shpul_kaa,-1001631324934
1963,5389140996,None,-1001631324934
1964,1059308222,Tatyana2190,-1001631324934